3-2

12
4
111011111110
010100001010
111001111000
110001110111

12
4
111011111110
010100001010
111001111000
110001110111
010101101010

3-4
10
5
1010101101
0010011001
0001001110
0110111000
0010111110

3-5
16
8
0101101011100100
1111001001011000
0100000110101111
0000010101100101
1111100001110001
0101001011110111
0101010001110011
0111010001011011


G'=
1000000010000111
0100000001110100
0010000000101000
0001000010111001
0000100000010011
0000010010111110
0000001000111010
0000000111011011


64
8
1101110110000100000100000111010111000111011100101010110111001110
0111110001000111000001111111010101111111101000111101110110110111
0000011011011000111111001110010101001111101011001011011011101000
1000000110001010000110001101000011100110011011101111100110101010
0001011010010110000010111100000101010110101101010111101111101001
1100100110110011010111000100101111011011010000111010001011001011
1101001010111000111101100011001101011000100001101111111110001011
1010110111101010001111000101010011001000000110110110110110000110