32, 114
33, 33
34, 34
35, 35
36, 36
37, 37
38, 38
39, 39
40, 40
41, 41
42, 42
43, 43
44, 69
45, 45
46, 65
47, 47
48, 48
49, 49
50, 50
51, 51
52, 52
53, 53
54, 54
55, 55
56, 56
57, 57
58, 58
59, 59
60, 60
61, 61
62, 62
63, 63
64, 64
65, 81
66, 90
67, 83
68, 109
69, 116
70, 88
71, 79
72, 72
73, 87
74, 98
75, 44
76, 99
77, 104
78, 46
79, 77
80, 115
81, 86
82, 97
83, 80
84, 106
85, 100
86, 75
87, 103
88, 101
89, 119
90, 120
91, 91
92, 92
93, 93
94, 94
95, 95
96, 96
97, 78
98, 71
99, 68
100, 89
101, 117
102, 121
103, 76
104, 110
105, 85
106, 32
107, 122
108, 113
109, 111
110, 70
111, 112
112, 108
113, 67
114, 84
115, 107
116, 82
117, 74
118, 118
119, 105
120, 66
121, 73
122, 102
123, 123
124, 124
125, 125
126, 126
127, 127
